 starting at (i,j) = (0,0)
1       16      5       10      21
6       11      20      15      4
19      2       17      22      9
12      7       24      3       14
25      18      13      8       23
 starting at (i,j) = (0,1)
0       1       0       0       0
0       0       0       0       0
0       0       0       0       0
0       0       0       0       0
0       0       0       0       0
 starting at (i,j) = (0,2)
21      6       1       16      23
12      17      22      7       2
5       20      11      24      15
10      13      18      3       8
19      4       9       14      25
 starting at (i,j) = (0,3)
0       0       0       1       0
0       0       0       0       0
0       0       0       0       0
0       0       0       0       0
0       0       0       0       0
 starting at (i,j) = (0,4)
25      10      15      4       1
16      5       2       9       14
11      24      17      20      3
6       19      22      13      8
23      12      7       18      21
 starting at (i,j) = (1,0)
0       0       0       0       0
1       0       0       0       0
0       0       0       0       0
0       0       0       0       0
0       0       0       0       0
 starting at (i,j) = (1,1)
19      16      7       2       25
6       1       18      15      8
17      20      11      24      3
12      5       22      9       14
21      10      13      4       23
 starting at (i,j) = (1,2)
0       0       0       0       0
0       0       1       0       0
0       0       0       0       0
0       0       0       0       0
0       0       0       0       0
 starting at (i,j) = (1,3)
25      12      17      6       23
10      5       24      1       16
13      18      11      22      7
4       9       20      15      2
19      14      3       8       21
 starting at (i,j) = (1,4)
0       0       0       0       0
0       0       0       0       1
0       0       0       0       0
0       0       0       0       0
0       0       0       0       0
 starting at (i,j) = (2,0)
25      16      5       10      23
6       11      24      17      4
1       18      15      22      9
12      7       20      3       14
19      2       13      8       21
 starting at (i,j) = (2,1)
0       0       0       0       0
0       0       0       0       0
0       1       0       0       0
0       0       0       0       0
0       0       0       0       0
 starting at (i,j) = (2,2)
19      14      3       8       25
4       9       18      13      2
15      20      1       24      7
10      5       22      17      12
21      16      11      6       23
 starting at (i,j) = (2,3)
0       0       0       0       0
0       0       0       0       0
0       0       0       1       0
0       0       0       0       0
0       0       0       0       0
 starting at (i,j) = (2,4)
21      8       13      2       19
14      3       20      7       12
9       22      15      18      1
4       17      24      11      6
23      10      5       16      25
 starting at (i,j) = (3,0)
0       0       0       0       0
0       0       0       0       0
0       0       0       0       0
1       0       0       0       0
0       0       0       0       0
 starting at (i,j) = (3,1)
19      10      13      4       25
12      5       18      9       14
17      20      11      24      3
6       1       22      15      8
21      16      7       2       23
 starting at (i,j) = (3,2)
0       0       0       0       0
0       0       0       0       0
0       0       0       0       0
0       0       1       0       0
0       0       0       0       0
 starting at (i,j) = (3,3)
19      14      3       8       25
4       9       18      13      2
17      20      15      24      7
10      5       22      1       12
21      16      11      6       23
 starting at (i,j) = (3,4)
0       0       0       0       0
0       0       0       0       0
0       0       0       0       0
0       0       0       0       1
0       0       0       0       0
 starting at (i,j) = (4,0)
21      14      19      8       23
12      7       22      3       18
15      20      13      24      9
6       11      2       17      4
1       16      5       10      25
 starting at (i,j) = (4,1)
0       0       0       0       0
0       0       0       0       0
0       0       0       0       0
0       0       0       0       0
0       1       0       0       0
 starting at (i,j) = (4,2)
21      4       9       14      23
10      17      22      3       8
5       20      15      24      13
16      11      18      7       2
19      6       1       12      25
 starting at (i,j) = (4,3)
0       0       0       0       0
0       0       0       0       0
0       0       0       0       0
0       0       0       0       0
0       0       0       1       0
 starting at (i,j) = (4,4)
23      8       13      18      25
14      3       24      7       12
9       22      17      2       19
4       15      20      11      6
21      10      5       16      1