 starting at (i,j) = (0,0)
1       14      11      30      33      20
12      29      34      21      10      31
15      2       13      32      19      22
28      35      26      9       4       7
25      16      3       6       23      18
36      27      24      17      8       5
 starting at (i,j) = (0,1)
26      1       6       17      14      33
7       18      27      34      5       16
28      25      2       15      32      13
19      8       21      12      35      4
24      29      10      3       22      31
9       20      23      30      11      36
 starting at (i,j) = (0,2)
9       30      1       18      7       28
34      17      8       29      2       19
31      10      33      20      27      6
16      35      24      5       12      3
23      32      11      14      21      26
36      15      22      25      4       13
 starting at (i,j) = (0,3)
16      35      6       1       14      29
7       22      15      28      5       2
36      17      34      3       30      13
23      8       21      12      27      4
18      33      10      25      20      31
9       24      19      32      11      26
 starting at (i,j) = (0,4)
27      30      11      6       1       4
12      21      28      3       10      7
29      26      31      8       5       2
20      13      22      35      16      9
25      32      15      18      23      34
14      19      24      33      36      17
 starting at (i,j) = (0,5)
6       25      28      15      4       1
27      16      5       2       29      14
24      7       26      13      34      3
17      10      35      32      21      30
36      23      8       19      12      33
9       18      11      22      31      20
 starting at (i,j) = (1,0)
24      19      22      9       26      7
1       32      25      6       21      10
18      23      20      11      8       27
33      2       31      14      5       12
30      17      4       35      28      15
3       34      29      16      13      36
 starting at (i,j) = (1,1)
7       28      35      32      5       30
36      1       6       29      20      33
27      8       19      34      31      4
18      11      2       23      14      21
9       26      13      16      3       24
12      17      10      25      22      15
 starting at (i,j) = (1,2)
2       31      28      13      10      21
29      14      1       20      27      12
32      3       30      11      22      9
15      6       35      24      19      26
36      33      4       17      8       23
5       16      7       34      25      18
 starting at (i,j) = (1,3)
19      32      9       4       17      2
10      25      18      1       8       5
33      20      31      6       3       16
26      11      24      15      30      7
21      34      13      28      23      36
12      27      22      35      14      29
 starting at (i,j) = (1,4)
8       21      18      31      6       27
19      32      7       28      1       30
22      9       20      17      26      5
33      12      15      4       29      2
14      23      10      35      16      25
11      34      13      24      3       36
 starting at (i,j) = (1,5)
9       24      35      2       7       22
34      3       8       23      18      1
25      10      33      36      21      6
32      13      4       19      28      17
11      26      15      30      5       20
14      31      12      27      16      29
 starting at (i,j) = (2,0)
23      34      13      6       21      36
14      29      22      35      12      7
1       24      33      28      5       20
32      15      30      19      8       11
25      2       17      10      27      4
16      31      26      3       18      9
 starting at (i,j) = (2,1)
36      33      30      13      10      21
31      14      35      20      29      12
34      1       32      11      22      9
15      4       7       26      19      28
6       25      2       17      8       23
3       16      5       24      27      18
 starting at (i,j) = (2,2)
33      6       15      24      27      36
16      23      34      5       14      25
7       32      1       26      35      28
20      17      22      11      4       13
31      8       19      2       29      10
18      21      30      9       12      3
 starting at (i,j) = (2,3)
28      13      10      3       26      33
11      4       27      34      9       2
14      29      12      1       32      25
5       22      31      18      35      8
30      15      20      7       24      17
21      6       23      16      19      36
 starting at (i,j) = (2,4)
31      18      7       2       33      36
8       25      32      35      6       3
17      30      19      4       1       34
24      9       26      13      20      5
29      16      11      22      27      14
10      23      28      15      12      21
 starting at (i,j) = (2,5)
4       31      28      13      2       21
29      14      3       20      27      12
32      5       30      11      22      1
15      8       35      24      19      26
36      33      6       17      10      23
7       16      9       34      25      18
 starting at (i,j) = (3,0)
20      9       6       33      18      15
7       32      19      16      5       34
10      21      8       29      14      17
1       28      31      24      35      4
22      11      26      3       30      13
27      2       23      12      25      36
 starting at (i,j) = (3,1)
23      28      31      8       5       16
30      9       24      15      32      7
27      22      29      6       17      4
10      1       20      25      14      33
21      26      35      12      3       18
36      11      2       19      34      13
 starting at (i,j) = (3,2)
36      17      14      21      4       19
15      28      5       18      13      22
6       35      16      29      20      3
27      32      1       10      23      12
34      7       30      25      2       9
31      26      33      8       11      24
 starting at (i,j) = (3,3)
5       14      11      28      3       20
12      27      4       21      10      29
15      6       13      30      19      2
26      35      32      1       22      9
33      16      7       24      31      18
36      25      34      17      8       23
 starting at (i,j) = (3,4)
28      13      10      5       26      3
11      32      27      2       9       6
14      29      12      7       4       25
33      22      31      18      1       8
30      15      20      35      24      17
21      34      23      16      19      36
 starting at (i,j) = (3,5)
27      30      3       12      9       20
4       13      28      19      2       11
29      26      31      10      21      8
14      5       24      33      18      1
25      32      35      16      7       22
36      15      6       23      34      17
 starting at (i,j) = (4,0)
7       30      17      20      5       28
34      21      6       29      16      19
31      8       33      18      27      4
22      35      24      15      10      13
1       32      9       12      3       26
36      23      2       25      14      11
 starting at (i,j) = (4,1)
36      11      26      17      8       5
25      18      9       6       27      16
10      35      12      31      4       7
21      24      19      28      15      30
34      1       22      13      32      3
23      20      33      2       29      14
 starting at (i,j) = (4,2)
11      32      9       16      13      26
34      17      12      25      8       15
31      10      33      14      27      24
18      35      20      7       2       5
21      30      1       4       23      28
36      19      22      29      6       3
 starting at (i,j) = (4,3)
18      7       4       33      16      13
5       32      17      14      3       34
8       19      6       27      12      15
31      26      29      22      35      2
20      9       24      1       28      11
25      30      21      10      23      36
 starting at (i,j) = (4,4)
5       14      23      26      3       12
24      29      4       13      22      27
15      6       25      28      11      2
30      35      32      19      8       21
33      16      7       10      1       18
36      31      34      17      20      9
 starting at (i,j) = (4,5)
36      9       20      27      6       3
21      28      7       4       19      26
8       35      10      25      2       5
29      22      31      16      13      18
34      15      24      11      32      1
23      30      33      14      17      12
 starting at (i,j) = (5,0)
28      17      20      7       26      5
21      32      27      4       19      8
16      29      18      9       6       25
33      22      31      12      3       10
30      15      2       35      24      13
1       34      23      14      11      36
 starting at (i,j) = (5,1)
15      6       23      8       13      36
24      29      14      5       22      9
31      16      7       10      35      12
28      25      30      19      4       21
17      32      27      2       11      34
26      1       18      33      20      3
 starting at (i,j) = (5,2)
6       21      24      31      4       15
23      32      5       14      25      30
20      7       22      29      16      3
33      10      35      26      13      28
36      19      8       11      2       17
9       34      1       18      27      12
 starting at (i,j) = (5,3)
23      34      11      4       21      36
12      17      22      35      10      5
33      24      13      18      3       20
14      27      16      31      6       9
25      32      29      8       19      2
28      15      26      1       30      7
 starting at (i,j) = (5,4)
20      29      4       13      18      11
5       32      19      10      3       14
30      21      28      15      12      17
33      6       31      24      9       2
22      27      8       35      16      25
7       34      23      26      1       36
 starting at (i,j) = (5,5)
13      4       29      20      11      36
28      19      12      3       30      21
5       14      31      22      35      10
32      27      18      9       2       23
15      6       25      34      17      8
26      33      16      7       24      1